84 60 0
84 45 0
84 75 0
51 38 0
87 26 0
87 27 0
53 6 0
24 16 0
10 26 0
15 44 0
32 68 0
35 68 0
57 75 0
70 45 0
88 64 5
86 66 5
85 67 5
70 51 5
92 77 6
92 75 6
92 72 6
92 70 6
84 65 6
75 53 6
71 51 6
62 48 6
78 53 6
87 24 6
88 23 6
76 6 6
77 6 6
73 28 6
74 28 6
75 28 6
76 28 6
77 28 6
63 31 6
64 31 6
65 30 6
66 30 6
67 30 6
68 30 6
87 21 6
88 20 6
89 19 6
88 5 6
87 5 6
86 4 6
85 4 6
84 4 6
83 3 6
82 3 6
81 3 6
80 3 6
80 7 6
79 7 6
78 6 6
77 6 6
76 6 6
75 6 6
74 6 6 
73 6 6
72 6 6
71 6 6 
70 6 6
69 6 6
47 10 6
47 11 6
46 12 6
45 15 6
36 22 6
35 21 6
34 20 6
15 13 6
14 14 6
13 14 6
12 16 6
11 18 6
18 27 6
18 28 6
22 31 6
24 32 6
25 34 6
8 48 6
12 54 6
30 54 6
32 54 6
35 54 6
38 55 6
25 59 6
27 59 6
29 59 6
19 66 6
17 66 6
16 67 6
15 67 6
12 68 6
10 69 6
5 79 6
6 82 6
12 81 6
13 86 6
29 86 6
31 84 6
33 82 6
35 80 6
37 78 6
39 76 6
33 89 6
35 87 6
37 85 6
39 83 6
41 81 6
43 79 6
46 77 6
65 78 6
70 87 6
73 91 6
90 93 6
89 93 6
90 92 6
50 39 7
51 38 7
51 37 7
91 52 8
90 51 8
89 50 8
88 49 8
96 16 8
96 17 8
96 18 8
85 9 9
87 11 9
88 12 9
88 14 9
29 92 9
84 84 9
84 88 9
90 88 9
90 84 9
86 10 10
84 85 10
90 85 10
88 13 10
74 43 10
47 21 10
45 24 10
36 59 10
37 62 10
6 77 10
24 89 10
46 22 11
84 86 11
90 86 11
43 25 11
81 45 11
89 78 11
89 76 11
7 85 11
12 84 11
26 94 11
89 74 11
89 73 11
71 22 11
78 22 11
33 59 11
84 87 12
90 87 12
17 12 12
15 13 12
13 15 12
27 88 12
12 17 12
0 0 1