85 8 0 0.4 0.4
83 10 2 0.4 0.4
81 8 1 0.4 0.4
79 10 3 0.8 0.8
75 10 4 0.8 0.8
73 8 0 0.4 0.4
71 10 2 0.4 0.4
69 8 1 0.4 0.4
67 10 4 0.8 0.8
65 8 3 0.8 0.8
63 10 2 0.4 0.4
61 8 1 0.4 0.4
69 10 2 0.4 0.4
57 8 3 0.8 0.8
19 33 4 0.8 0.8
19 39 3 0.8 0.8
48 47 0 0.4 0.4
48 45 1 0.4 0.4
43 39 2 0.4 0.4
43 43 4 0.8 0.8
41 14 0 0.4 0.4
43 14 1 0.4 0.4
45 14 2 0.4 0.4
47 14 0 0.4 0.4
38 70 3 0.8 0.8
31 70 3 0.8 0.8
24 70 3 0.8 0.8
24 74 4 0.8 0.8
31 74 4 0.8 0.8
38 74 4 0.8 0.8
50 114 3 0.8 0.8
68 113 4 0.8 0.8
106 12 7 0.4 0.4
105 11 7 0.4 0.4
104 10 7 0.4 0.4
101 16 8 0.4 0.4
100 15 8 0.4 0.4
99 14 8 0.4 0.4
101 18 8 0.4 0.4
101 17 8 0.4 0.4
16 8 7 0.4 0.4
15 9 7 0.4 0.4
14 10 7 0.4 0.4
23 13 7 0.4 0.4
22 14 7 0.4 0.4
21 14 7 0.4 0.4
20 29 8 0.4 0.4
14 37 7 0.4 0.4
15 37 7 0.4 0.4
16 37 7 0.4 0.4
31 34 8 0.4 0.4
32 35 8 0.4 0.4
33 36 8 0.4 0.4
30 59 7 0.4 0.4
31 60 7 0.4 0.4
32 61 7 0.4 0.4
45 60 7 0.4 0.4
46 59 7 0.4 0.4
47 58 7 0.4 0.4
45 31 7 0.4 0.4
44 30 7 0.4 0.4
43 29 7 0.4 0.4
42 29 7 0.4 0.4
21 30 8 0.4 0.4
11 73 7 0.4 0.4
11 72 7 0.4 0.4
11 71 7 0.4 0.4
46 70 7 0.4 0.4
47 70 7 0.4 0.4
48 71 7 0.4 0.4
49 71 7 0.4 0.4
80 20 7 0.4 0.4
79 20 7 0.4 0.4
70 20 7 0.4 0.4
69 21 7 0.4 0.4
102 51 8 0.4 0.4
101 52 8 0.4 0.4
100 53 8 0.4 0.4
99 54 8 0.4 0.4
81 54 8 0.4 0.4
80 53 8 0.4 0.4
79 52 8 0.4 0.4
69 68 7 0.4 0.4
70 69 7 0.4 0.4
71 70 7 0.4 0.4
95 67 8 0.4 0.4
96 68 8 0.4 0.4
97 69 8 0.4 0.4
98 94 8 0.4 0.4
97 95 8 0.4 0.4
96 96 8 0.4 0.4
67 95 8 0.4 0.4
67 94 8 0.4 0.4
67 93 8 0.4 0.4
69 76 7 0.4 0.4
68 76 7 0.4 0.4
56 77 7 0.4 0.4
56 78 7 0.4 0.4
56 79 7 0.4 0.4
60 102 8 0.4 0.4
59 103 8 0.4 0.4
45 101 8 0.4 0.4
45 100 8 0.4 0.4
45 99 8 0.4 0.4
108 40 5 0.7 0.7
104 16 5 0.7 0.7
14 13 5 0.7 0.7
42 56 5 0.7 0.7
84 14 5 0.7 0.7
97 53 5 0.7 0.7
69 33 5 0.7 0.7
71 35 5 0.7 0.7
69 37 5 0.7 0.7
72 40 5 0.7 0.7
68 43 5 0.7 0.7
72 46 5 0.7 0.7
68 48 5 0.7 0.7
72 51 5 0.7 0.7
68 53 5 0.7 0.7
87 94 5 0.7 0.7
57 92 5 0.7 0.7
11 88 5 0.7 0.7
97 105 5 0.7 0.7
93 28 6 0.3 0.3
93 31 6 0.2 0.2
93 34 6 0.2 0.2
93 37 6 0.2 0.2
93 40 6 0.2 0.2
95 40 6 0.2 0.2
95 37 6 0.2 0.2
95 34 6 0.2 0.2
95 31 6 0.2 0.2
95 28 6 0.2 0.2
100 28 6 0.2 0.2
100 31 6 0.2 0.2
100 34 6 0.2 0.2
100 37 6 0.2 0.2
100 40 6 0.2 0.2
102 40 6 0.2 0.2
102 37 6 0.2 0.2
102 34 6 0.2 0.2
102 31 6 0.2 0.2
102 28 6 0.2 0.2
74 63 6 0.2 0.2
76 61 6 0.2 0.2
78 63 6 0.2 0.2
66 75 6 0.2 0.2
64 75 6 0.2 0.2
62 75 6 0.2 0.2
60 75 6 0.2 0.2
87 107 6 0.2 0.2
90 106 6 0.2 0.2
104 77 9 0.2 0.2
104 75 9 0.2 0.2
104 73 9 0.2 0.2
104 71 9 0.2 0.2
104 69 9 0.2 0.2
109 69 9 0.2 0.2
109 71 9 0.2 0.2
109 73 9 0.2 0.2
109 75 9 0.2 0.2
109 77 9 0.2 0.2
69 25 9 0.2 0.2
71 28 9 0.2 0.2
88 71 9 0.2 0.2
91 71 9 0.2 0.2
40 107 9 0.2 0.2
59 113 9 0.2 0.2
24 10 10 0.3 0.3
28 7 10 0.3 0.3
32 7 10 0.3 0.3
32 10 10 0.3 0.3
37 10 10 0.3 0.3
41 10 10 0.3 0.3
11 22 10 0.3 0.3
11 28 10 0.3 0.3
17 25 10 0.3 0.3
83 42 10 0.3 0.3
83 38 11 0.1 0.1
78 36 11 0.1 0.1
81 22 10 0.3 0.3
14 102 11 0.1 0.1
16 105 11 0.1 0.1
18 107 11 0.1 0.1
20 108 11 0.1 0.1
23 110 11 0.1 0.1
26 111 11 0.1 0.1
31 107 11 0.1 0.1
27 106 11 0.1 0.1
24 105 11 0.1 0.1
21 103 11 0.1 0.1
19 101 11 0.1 0.1
18 99 11 0.1 0.1
72 98 6 0.3 0.3
79 100 6 0.3 0.3
83 99 9 0.3 0.3
102 84 5 0.7 0.7
101 86 5 0.7 0.7
102 89 5 0.7 0.7
107 93 5 0.7 0.7
108 90 5 0.7 0.7
109 87 5 0.7 0.7
109 84 5 0.7 0.7
90 49 11 0.1 0.1
87 52 2 0.3 0.3
83 49 5 0.6 0.6
82 40 10 0.2 0.2
82 38 10 0.2 0.2
82 36 10 0.2 0.2