85 8 0 0.55 0.55
83 10 2 0.55 0.55
81 8 1 0.55 0.55
79 10 3 0.8 0.8
75 10 4 0.8 0.8
73 8 0 0.55 0.55
71 10 2 0.55 0.55
69 8 1 0.55 0.55
67 10 4 0.8 0.8
65 8 3 0.8 0.8
63 10 2 0.55 0.55
61 8 1 0.55 0.55
69 10 2 0.55 0.55
57 8 3 0.8 0.8
19 33 4 0.8 0.8
19 39 3 0.8 0.8
48 47 0 0.55 0.55
48 45 1 0.55 0.55
43 39 2 0.55 0.55
43 43 4 0.8 0.8
41 14 0 0.55 0.55
43 14 1 0.55 0.55
45 14 2 0.55 0.55
47 14 0 0.55 0.55
38 70 3 0.8 0.8
31 70 3 0.8 0.8
24 70 3 0.8 0.8
24 74 4 0.8 0.8
31 74 4 0.8 0.8
38 74 4 0.8 0.8
50 114 3 0.8 0.8
68 113 4 0.8 0.8
106 12 7 0.55 0.55
105 11 7 0.55 0.55
104 10 7 0.55 0.55
101 16 8 0.55 0.55
100 15 8 0.55 0.55
99 14 8 0.55 0.55
101 18 8 0.55 0.55
101 17 8 0.55 0.55
16 8 7 0.55 0.55
15 9 7 0.55 0.55
14 10 7 0.55 0.55
23 13 7 0.55 0.55
22 14 7 0.55 0.55
21 14 7 0.55 0.55
20 29 8 0.55 0.55
14 37 7 0.55 0.55
15 37 7 0.55 0.55
16 37 7 0.55 0.55
31 34 8 0.55 0.55
32 35 8 0.55 0.55
33 36 8 0.55 0.55
30 59 7 0.55 0.55
31 60 7 0.55 0.55
32 61 7 0.55 0.55
45 60 7 0.55 0.55
46 59 7 0.55 0.55
47 58 7 0.55 0.55
45 31 7 0.55 0.55
44 30 7 0.55 0.55
43 29 7 0.55 0.55
42 29 7 0.55 0.55
21 30 8 0.55 0.55
11 73 7 0.55 0.55
11 72 7 0.55 0.55
11 71 7 0.55 0.55
46 70 7 0.55 0.55
47 70 7 0.55 0.55
48 71 7 0.55 0.55
49 71 7 0.55 0.55
80 20 7 0.55 0.55
79 20 7 0.55 0.55
70 20 7 0.55 0.55
69 21 7 0.55 0.55
102 51 8 0.55 0.55
101 52 8 0.55 0.55
100 53 8 0.55 0.55
99 54 8 0.55 0.55
81 54 8 0.55 0.55
80 53 8 0.55 0.55
79 52 8 0.55 0.55
69 68 7 0.55 0.55
70 69 7 0.55 0.55
71 70 7 0.55 0.55
95 67 8 0.55 0.55
96 68 8 0.55 0.55
97 69 8 0.55 0.55
98 94 8 0.55 0.55
97 95 8 0.55 0.55
96 96 8 0.55 0.55
67 95 8 0.55 0.55
67 94 8 0.55 0.55
67 93 8 0.55 0.55
69 76 7 0.55 0.55
68 76 7 0.55 0.55
56 77 7 0.55 0.55
56 78 7 0.55 0.55
56 79 7 0.55 0.55
60 102 8 0.55 0.55
59 103 8 0.55 0.55
45 101 8 0.55 0.55
45 100 8 0.55 0.55
45 99 8 0.55 0.55
108 40 5 0.7 0.7
104 16 5 0.7 0.7
14 13 5 0.7 0.7
42 56 5 0.7 0.7
84 14 5 0.7 0.7
97 53 5 0.7 0.7
69 33 5 0.7 0.7
71 35 5 0.7 0.7
69 37 5 0.7 0.7
72 40 5 0.7 0.7
68 43 5 0.7 0.7
72 46 5 0.7 0.7
68 48 5 0.7 0.7
72 51 5 0.7 0.7
68 53 5 0.7 0.7
87 94 5 0.7 0.7
57 92 5 0.7 0.7
11 88 5 0.7 0.7
97 105 5 0.7 0.7
93 28 6 0.55 0.55
93 31 6 0.55 0.55
93 34 6 0.55 0.55
93 37 6 0.55 0.55
93 40 6 0.55 0.55
95 40 6 0.55 0.55
95 37 6 0.55 0.55
95 34 6 0.55 0.55
95 31 6 0.55 0.55
95 28 6 0.55 0.55
100 28 6 0.55 0.55
100 31 6 0.55 0.55
100 34 6 0.55 0.55
100 37 6 0.55 0.55
100 40 6 0.55 0.55
102 40 6 0.55 0.55
102 37 6 0.55 0.55
102 34 6 0.55 0.55
102 31 6 0.55 0.55
102 28 6 0.55 0.55
74 63 6 0.55 0.55
76 61 6 0.55 0.55
78 63 6 0.55 0.55
66 75 6 0.55 0.55
64 75 6 0.55 0.55
62 75 6 0.55 0.55
60 75 6 0.55 0.55
87 107 6 0.55 0.55
90 106 6 0.55 0.55
104 77 9 0.55 0.55
104 75 9 0.55 0.55
104 73 9 0.55 0.55
104 71 9 0.55 0.55
104 69 9 0.55 0.55
109 69 9 0.55 0.55
109 71 9 0.55 0.55
109 73 9 0.55 0.55
109 75 9 0.55 0.55
109 77 9 0.55 0.55
69 25 9 0.55 0.55
71 28 9 0.55 0.55
88 71 9 0.55 0.55
91 71 9 0.55 0.55
40 107 9 0.55 0.55
59 113 9 0.55 0.55
24 10 10 0.55 0.55
28 7 10 0.55 0.55
32 7 10 0.55 0.55
32 10 10 0.55 0.55
37 10 10 0.55 0.55
41 10 10 0.55 0.55
11 22 10 0.55 0.55
11 28 10 0.55 0.55
17 25 10 0.55 0.55
83 42 10 0.55 0.55
83 38 11
78 36 11
81 22 10 0.55 0.55
14 102 11
16 105 11
18 107 11
20 108 11
23 110 11
26 111 11
31 107 11
27 106 11
24 105 11
21 103 11
19 101 11
18 99 11
72 98 6 0.55 0.55
79 100 6 0.55 0.55
83 99 9 0.55 0.55
102 84 5 0.7 0.7
101 86 5 0.7 0.7
102 89 5 0.7 0.7
107 93 5 0.7 0.7
108 90 5 0.7 0.7
109 87 5 0.7 0.7
109 84 5 0.7 0.7
90 49 11
87 52 2 0.55 0.55
83 49 5 0.6 0.6
82 40 10 0.55 0.55
82 38 10 0.55 0.55
82 36 10 0.55 0.55