112.5 75 11 0.5 0.5
113.5 75 11 0.5 0.5
114.5 75 11 0.5 0.5
115.5 75 11 0.5 0.5
116.5 75 11 0.5 0.5
117.5 75 11 0.5 0.5
118.5 75 11 0.5 0.5
119.5 75 11 0.5 0.5
120.5 75 11 0.5 0.5
121.5 75 11 0.5 0.5
122.5 75 11 0.5 0.5
123.5 75 11 0.5 0.5
112.5 58 11 0.5 0.5
113.5 58 11 0.5 0.5
114.5 58 11 0.5 0.5
115.5 58 11 0.5 0.5
116.5 58 11 0.5 0.5
117.5 58 11 0.5 0.5
118.5 58 11 0.5 0.5
119.5 58 11 0.5 0.5
120.5 58 11 0.5 0.5
121.5 58 11 0.5 0.5
122.5 58 11 0.5 0.5
123.5 58 11 0.5 0.5
118 67 8 0.6 0.6
88 12 12 0.5 0.5
85 20 12 0.5 0.5
62 48 12 0.5 0.5
29 26 12 0.5 0.5
14 53 12 0.5 0.5
42 122 12 0.5 0.5
118 76 2 0.6 0.6
123 54 2 0.6 0.6
45.5 38.5 13 0.6 0.6
46.5 39.5 13 0.6 0.6
47.5 40.5 13 0.6 0.6
48.5 40.5 13 0.6 0.6
49.5 40.5 13 0.6 0.6
49.5 41.5 13 0.6 0.6
50.5 41.5 13 0.6 0.6
51.5 41.5 13 0.6 0.6
52.5 42.5 13 0.6 0.6
53.5 42.5 13 0.6 0.6
35.5 44.5 13 0.6 0.6
36.5 44.5 13 0.6 0.6
37.5 45.5 13 0.6 0.6
38.5 45.5 13 0.6 0.6
39.5 46.5 13 0.6 0.6
40.5 46.5 13 0.6 0.6
41.5 47.5 13 0.6 0.6
91.5 80.5 11 0.5 0.5
112.5 101 11 0.5 0.5
113 100 11 0.5 0.5
144 99 11 0.5 0.5
115 98 11 0.5 0.5
112.5 51 11 0.5 0.5
114 49 11 0.5 0.5
115 46 11 0.5 0.5
116 42 11 0.5 0.5
115 39 11 0.5 0.5
116 32 11 0.5 0.5
115 29 11 0.5 0.5
114 27 11 0.5 0.5
112.5 25 11 0.5 0.5
123 23 11 0.5 0.5
122 20 11 0.5 0.5
120 17 11 0.5 0.5
120 13 11 0.5 0.5
112.5 11 11 0.5 0.5
113.5 11 11 0.5 0.5
114.5 11 11 0.5 0.5
115.5 11 11 0.5 0.5
116.5 11 11 0.5 0.5
117.5 11 11 0.5 0.5
118.5 11 11 0.5 0.5
119.5 11 11 0.5 0.5
120.5 11 11 0.5 0.5
121.5 11 11 0.5 0.5
122.5 11 11 0.5 0.5
123.5 11 11 0.5 0.5
117 103.5 3
53 23 5
59 24 5
63 27 5
66 30 5
53 16 5
60 18 5
65 20 5
69 22 5
113.5 108.5 7
122.5 108.5 7
111.5 77.7 6
74.5 79.5 6
56.5 94.5 13 0.6 0.6
57.5 94.5 13 0.6 0.6
58.5 94.5 13 0.6 0.6
55.5 95.5 13 0.6 0.6
54.5 96.5 13 0.6 0.6
53.5 97.5 13 0.6 0.6
53.5 98.5 13 0.6 0.6
53.5 99.5 13 0.6 0.6
54.5 100.5 13 0.6 0.6
55.5 101.5 13 0.6 0.6
56.5 102.5 13 0.6 0.6
57.5 102.5 13 0.6 0.6
58.5 102.5 13 0.6 0.6
59.5 101.5 13 0.6 0.6
60.5 100.5 13 0.6 0.6
61.5 99.5 13 0.6 0.6
61.5 98.5 13 0.6 0.6
61.5 97.5 13 0.6 0.6
60.5 96.5 13 0.6 0.6
59.5 95.5 13 0.6 0.6
76.5 88.5 4
84.5 88.5 4
82.5 71.5 4
104.5 71.5 4
109.5 73.5 4
109 65 4
103 65 4
86 65 4
38.5 96.5 4
38.5 101.5 4
30.5 101.5 4
23.5 101.5 4
23.5 96.5 4
30.5 96.5 4
88.5 39.5 11 0.5 0.5
90.5 41.5 11 0.5 0.5
91.5 42.5 11 0.5 0.5
92.5 43.5 11 0.5 0.5
109 117 7 
110 13 6 
57.5 117.5 3 0.5 0.5
57.5 122.5 3 0.5 0.5
75.5 114.5 3 0.5 0.5
75.6 120.5 3 0.5 0.5
93.5 111.5 3 0.5 0.5
93.5 117.5 3 0.5 0.5
20.5 86.5 9 0.7 0.7
32.5 86.5 9 0.7 0.7
40.5 78.5 9 0.7 0.7
51.5 78.5 9 0.7 0.7
56.5 53.5 0 1 1
1.5 73.5 0 1 1
5.5 87.5 0 1 1
1.5 102.5 0 1 1
20.5 112.5 0 1 1
89.5 78.5 0 1 1
90.5 99.5 0 1 1
4.5 79.5 0 1 1
2.5 95.5 0 1 1
19.5 109.5 0 1 1
45.5 119.5 0 1 1
67.5 119.5 0 1 1
83.5 116.5 0 1 1
83.5 113.5 0 1 1
100.5 114.5 0 1 1
101.5 118.5 0 1 1
18.5 91.5 9 0.7 0.7 
25.5 85.5 9 0.7 0.7 
36.5 83.5 9 0.7 0.7 
45.5 79.5 9 0.7 0.7 
53.5 74.5 9 0.7 0.7 
76.6 54.5 9 0.7 0.7 
79.5 57.5 9 0.7 0.7 
84.5 53.5 9 0.7 0.7 
89.5 53.5 9 0.7 0.7 
94.5 53.5 9 0.7 0.7 
99.5 53.5 9 0.7 0.7 
104.5 53.5 9 0.7 0.7 
84.5 56.5 9 0.7 0.7 
89.5 56.5 9 0.7 0.7 
94.5 56.5 9 0.7 0.7 
99.5 56.5 9 0.7 0.7 
104.5 56.5 9 0.7 0.7 
62.5 71.5 9 0.7 0.7 
70.5 73.5 9 0.7 0.7 
74.5 100.5 6
120.5 104.5 12 0.5 0.5
123.5 100.5 12 0.5 0.5