144 145 3 0.3 0.3
119 145 3 0.3 0.3
120 145 3 0.3 0.3
123 145 3 0.3 0.3
126 136 3 0.3 0.3
123 96 3 0.3 0.3
126 94 3 0.3 0.3
130 101 3 0.3 0.3
132 99 3 0.3 0.3
134 97 3 0.3 0.3
135 94 3 0.3 0.3
118 31 3 0.3 0.3
125 29 3 0.3 0.3
132 27 3 0.3 0.3
134 24 3 0.3 0.3
119 23 3 0.3 0.3
123 22 3 0.3 0.3
127 21 3 0.3 0.3
115 17 3 0.3 0.3
100 11 3 0.3 0.3
110 11 3 0.3 0.3
85 38 3 0.3 0.3
76 46 3 0.3 0.3
73 35 3 0.3 0.3
59 38 3 0.3 0.3
69 22 3 0.3 0.3
59 20 3 0.3 0.3
58 24 3 0.3 0.3
43 29 3 0.3 0.3
22 23 3 0.3 0.3
19 32 3 0.3 0.3
19 38 3 0.3 0.3
27 40 3 0.3 0.3
33 30 3 0.3 0.3
37 57 3 0.3 0.3
26 66 3 0.3 0.3
15 94 3 0.3 0.3
8 97 3 0.3 0.3
8 99 3 0.3 0.3
8 104 3 0.3 0.3
15 97 3 0.3 0.3
15 102 3 0.3 0.3
31 118 3 0.3 0.3
25 121 3 0.3 0.3
12 136 3 0.3 0.3
29 145 3 0.3 0.3
32 145 3 0.3 0.3
27 138 3 0.3 0.3
29 138 3 0.3 0.3
31 137 3 0.3 0.3
43 144 3 0.3 0.3
45 143 3 0.3 0.3
41 136 3 0.3 0.3
44 136 3 0.3 0.3
136 140 5 0.7 0.7
137 139 5 0.7 0.7
138 138 5 0.7 0.7
138 119 5 0.7 0.7
137 118 5 0.7 0.7
136 117 5 0.7 0.7
110 121 6 0.7 0.7
109 120 6 0.7 0.7
108 119 6 0.7 0.7
106 107 6 0.7 0.7
107 106 6 0.7 0.7
108 105 6 0.7 0.7
111 39 6 0.7 0.7
110 38 6 0.7 0.7
110 37 6 0.7 0.7
111 27 6 0.7 0.7
112 26 6 0.7 0.7
113 25 6 0.7 0.7
135 23 5 0.7 0.7
135 22 5 0.7 0.7
136 21 5 0.7 0.7
134 14 5 0.7 0.7
133 13 5 0.7 0.7
132 12 5 0.7 0.7
90 12 5 0.7 0.7
89 13 5 0.7 0.7
89 14 5 0.7 0.7
94 33 6 0.7 0.7
93 34 6 0.7 0.7
92 35 6 0.7 0.7
63 44 6 0.7 0.7
62 43 6 0.7 0.7
61 42 6 0.7 0.7
66 12 5 0.7 0.7
65 11 5 0.7 0.7
64 10 5 0.7 0.7
66 12 5 0.7 0.7
65 11 5 0.7 0.7
64 10 5 0.7 0.7
45 8 5 0.7 0.7
44 9 5 0.7 0.7
43 10 5 0.7 0.7
46 26 6 0.7 0.7
45 27 6 0.7 0.7
44 28 6 0.7 0.7
21 24 5 0.7 0.7
20 25 5 0.7 0.7
20 26 5 0.7 0.7
8 65 5 0.7 0.7
9 66 5 0.7 0.7
10 67 5 0.7 0.7
50 59 6 0.7 0.7
51 60 6 0.7 0.7
52 61 6 0.7 0.7
52 62 6 0.7 0.7
53 63 6 0.7 0.7
48 72 5 0.7 0.7
49 73 5 0.7 0.7
50 74 5 0.7 0.7
85 54 6 0.7 0.7
86 54 6 0.7 0.7
97 54 6 0.7 0.7
88 54 6 0.7 0.7
89 55 6 0.7 0.7
90 55 6 0.7 0.7
97 74 6 0.7 0.7
97 75 6 0.7 0.7
96 76 6 0.7 0.7
95 77 6 0.7 0.7
95 78 6 0.7 0.7
83 97 6 0.7 0.7
82 98 6 0.7 0.7
81 99 6 0.7 0.7
80 100 6 0.7 0.7
23 99 6 0.7 0.7
22 98 6 0.7 0.7
21 97 6 0.7 0.7
25 84 5 0.7 0.7
24 83 5 0.7 0.7
23 82 5 0.7 0.7
22 82 5 0.7 0.7
11 83 5 0.7 0.7
10 84 5 0.7 0.7
9 85 5 0.7 0.7
11 112 5 0.7 0.7
12 113 5 0.7 0.7
13 114 5 0.7 0.7
39 111 6 0.7 0.7
40 112 6 0.7 0.7
41 113 6 0.7 0.7
42 124 6 0.7 0.7
41 125 6 0.7 0.7
40 126 6 0.7 0.7
39 127 6 0.7 0.7
38 126 6 0.7 0.7
15 123 5 0.7 0.7
14 124 5 0.7 0.7
13 125 5 0.7 0.7
12 126 5 0.7 0.7
11 127 5 0.7 0.7
14 140 5 0.7 0.7
15 141 5 0.7 0.7
16 142 5 0.7 0.7
17 143 5 0.7 0.7
86 115 6 0.7 0.7
87 116 6 0.7 0.7
88 117 6 0.7 0.7
86 141 5 0.7 0.7
87 142 5 0.7 0.7
88 143 5 0.7 0.7
115 138 0 0.5 0.5
124 137 2 0.5 0.5
133 142 1 0.5 0.5
140 130 2 0.5 0.5
133 127 0 0.5 0.5
129 115 1 0.5 0.5
119 122 2 0.5 0.5
127 77 0 0.5 0.5
127 74 0 0.5 0.5
132 64 0 0.5 0.5
117 77 0 0.5 0.5
118 68 0 0.5 0.5
122 61 0 0.5 0.5
133 45 0 0.5 0.5
129 42 0 0.5 0.5
109 20 2 0.5 0.5
115 8 2 0.5 0.5
105 8 1 0.5 0.5
87 23 1 0.5 0.5
73 47 0 0.5 0.5
71 38 2 0.5 0.5
57 33 1 0.5 0.5
67 26 0 0.5 0.5
14 41 2 0.5 0.5
5 51 1 0.5 0.5
5 56 2 0.5 0.5
25 46 0 0.5 0.5
18 50 2 0.5 0.5
19 59 2 0.5 0.5
31 57 1 0.5 0.5
13 68 1 0.5 0.5
25 68 0 0.5 0.5
38 65 0 0.5 0.5
76 103 0 0.5 0.5
52 99 1 0.5 0.5
59 91 2 0.5 0.5
46 90 1 0.5 0.5
22 116 0 0.5 0.5
33 108 2 0.5 0.5
59 138 2 0.5 0.5
64 135 1 0.5 0.5
52 132 0 0.5 0.5
56 130 1 0.5 0.5
95 135 2 0.5 0.5
20 130 12 0.3 0.3
9 108 12 0.3 0.3
20 102 12 0.3 0.3
101 135 12 0.3 0.3
140 135 12 0.3 0.3
132 85 12 0.3 0.3
124 53 12 0.3 0.3
122 20 12 0.3 0.3
96 27 12 0.3 0.3
53 6 12 0.3 0.3
34 25 12 0.3 0.3
67 71 12 0.3 0.3
69 67 12 0.3 0.3
86 89 12 0.3 0.3
20 102 12 0.3 0.3
9 108 12 0.3 0.3
82 136 12 0.3 0.3
101 135 12 0.3 0.3
116 143 11 0.4 0.4
116 144 10 0.4 0.4
106 113 11 0.4 0.4
107 113 10 0.4 0.4
132 49 11 0.4 0.4
133 49 10 0.4 0.4
68 47 10 0.4 0.4
68 48 11 0.4 0.4
11 56 10 0.4 0.4
12 56 11 0.4 0.4
38 119 11 0.4 0.4
39 119 10 0.4 0.4
27 133 7 0.7 0.7
130 143 7 0.7 0.7
140 123 7 0.7 0.7
124 101 7 0.7 0.7
120 34 7 0.7 0.7
125 18 7 0.7 0.7
65 33 7 0.7 0.7
15 43 7 0.7 0.7
82 67 7 0.7 0.7
27 133 7 0.7 0.7
80 85 9 0.8 0.8
83 127 9 0.8 0.8
128 84 9 0.8 0.8
80 63 9 0.8 0.8
35 97 9 0.8 0.8
125 97 8 0.3 0.3
127 95 8 0.3 0.3
128 93 8 0.3 0.3
128 91 8 0.3 0.3
130 100 8 0.3 0.3
128 98 8 0.3 0.3
130 96 8 0.3 0.3
132 94 8 0.3 0.3
132 92 8 0.3 0.3
131 90 8 0.3 0.3
132 89 8 0.3 0.3
134 87 8 0.3 0.3
94 140 13 0.8 0.8
25 107 13 0.8 0.8
55 13 13 0.8 0.8
122 67 13 0.8 0.8
91 79 14 0.4 0.4
97 66 14 0.4 0.4
67 20 14 0.4 0.4
67 16 14 0.4 0.4
24 45 14 0.4 0.4
124 39 14 0.4 0.4
121 37 14 0.4 0.4
32 129 14 0.4 0.4
72 113 14 0.4 0.4