112 75 11 0.5 0.5
113 75 11 0.5 0.5
114 75 11 0.5 0.5
115 75 11 0.5 0.5
116 75 11 0.5 0.5
117 75 11 0.5 0.5
118 75 11 0.5 0.5
119 75 11 0.5 0.5
120 75 11 0.5 0.5
121 75 11 0.5 0.5
122 75 11 0.5 0.5
123 75 11 0.5 0.5
112 58 11 0.5 0.5
113 58 11 0.5 0.5
114 58 11 0.5 0.5
115 58 11 0.5 0.5
116 58 11 0.5 0.5
117 58 11 0.5 0.5
118 58 11 0.5 0.5
119 58 11 0.5 0.5
120 58 11 0.5 0.5
121 58 11 0.5 0.5
122 58 11 0.5 0.5
123 58 11 0.5 0.5
118 67 8 0.6 0.6
88 12 12 0.5 0.5
86 23 12 0.5 0.5
62 48 12 0.5 0.5
29 26 12 0.5 0.5
14 53 12 0.5 0.5
42 122 12 0.5 0.5
118 76 2 0.6 0.6
123 54 2 0.6 0.6
45 38 13 0.6 0.6
46 39 13 0.6 0.6
47 40 13 0.6 0.6
48 40 13 0.6 0.6
49 40 13 0.6 0.6
49 41 13 0.6 0.6
50 41 13 0.6 0.6
51 41 13 0.6 0.6
52 42 13 0.6 0.6
53 42 13 0.6 0.6
35 44 13 0.6 0.6
36 44 13 0.6 0.6
37 45 13 0.6 0.6
38 45 13 0.6 0.6
39 46 13 0.6 0.6
40 46 13 0.6 0.6
41 47 13 0.6 0.6
