84 60 0 0.7 0.7
84 45 0 0.7 0.7
84 75 0 0.7 0.7
51 38 0 0.7 0.7
87 26 0 0.7 0.7
87 27 0 0.7 0.7
53 6 0 0.7 0.7
24 16 0 0.7 0.7
10 26 0 0.7 0.7
15 44 0 0.7 0.7
32 68 0 0.7 0.7
35 68 0 0.7 0.7
57 75 0 0.7 0.7
70 45 0 0.7 0.7
55 30 4
62 75 4
59 78 4
54 44 4
20 54 4
88 64 5
86 66 5
85 67 5
70 51 5
92 77 6
92 75 6
92 72 6
92 70 6
84 65 6
75 53 6
71 51 6
62 48 6
78 53 6
87 24 6
88 23 6
76 6 6
77 6 6
73 28 6
74 28 6
75 28 6
76 28 6
77 28 6
63 31 6
64 31 6
65 30 6
66 30 6
67 30 6
68 30 6
87 21 6
88 20 6
89 19 6
88 5 6
87 5 6
86 4 6
85 4 6
84 4 6
83 3 6
82 3 6
81 3 6
80 3 6
80 7 6
79 7 6
78 6 6
77 6 6
76 6 6
75 6 6
74 6 6
73 6 6
72 6 6
71 6 6
70 6 6
69 6 6
47 10 6
47 11 6
46 12 6
45 15 6
36 22 6
35 21 6
34 20 6
12 16 6
11 18 6
18 27 6
18 28 6
22 31 6
24 32 6
8 48 6
12 54 6
30 54 6
32 54 6
35 54 6
38 55 6
25 59 6
27 59 6
29 59 6
19 66 6
17 66 6
16 67 6
15 67 6
12 68 6
10 69 6
5 79 6
6 82 6
12 81 6
13 86 6
29 86 6
31 84 6
33 82 6
35 80 6
37 78 6
39 76 6
33 89 6
35 87 6
37 85 6
39 83 6
41 81 6
43 79 6
46 77 6
65 78 6
70 87 6
73 91 6
90 93 6
89 93 6
90 92 6
25 34 7 0.55 0.55
25 35 7 0.55 0.55
25 36 7 0.55 0.55
25 37 7 0.55 0.55
50 39 7 0.55 0.55
51 38 7 0.55 0.55
51 37 7 0.55 0.55
42 57 7 0.55 0.55
43 58 7 0.55 0.55
44 64 7 0.55 0.55
44 65 7 0.55 0.55
43 66 7 0.55 0.55
46 73 7 0.55 0.55
47 73 7 0.55 0.55
48 73 7 0.55 0.55
86 96 8 0.55 0.55
87 95 8 0.55 0.55
88 94 8 0.55 0.55
8 70 8 0.55 0.55
7 71 8 0.55 0.55
7 72 8 0.55 0.55
12 94 8 0.55 0.55
13 95 8 0.55 0.55
14 95 8 0.55 0.55
15 95 8 0.55 0.55
16 95 8 0.55 0.55
8 46 8 0.55 0.55
8 47 8 0.55 0.55
8 48 8 0.55 0.55
91 52 8 0.55 0.55
90 51 8 0.55 0.55
89 50 8 0.55 0.55
88 49 8 0.55 0.55
96 16 8 0.55 0.55
96 17 8 0.55 0.55
96 18 8 0.55 0.55
15 13 8 0.55 0.55
14 14 8 0.55 0.55
13 15 8 0.55 0.55
5 9 9 0.55 0.55
87 11 9 0.55 0.55
88 12 9 0.55 0.55
88 14 9 0.55 0.55
29 92 9 0.55 0.55
84 84 9 0.55 0.55
84 88 9 0.55 0.55
90 88 9 0.55 0.55
90 84 9 0.55 0.55
86 10 10 0.55 0.55
84 85 10 0.55 0.55
90 85 10 0.55 0.55
88 13 10 0.55 0.55
74 43 10 0.55 0.55
47 21 10 0.55 0.55
45 24 10 0.55 0.55
36 59 10 0.55 0.55
37 62 10 0.55 0.55
6 77 10 0.55 0.55
24 89 10 0.55 0.55
46 22 11 0.55 0.55
84 86 11 0.55 0.55
90 86 11 0.55 0.55
43 25 11 0.55 0.55
81 45 11 0.55 0.55
89 78 11 0.55 0.55
89 76 11 0.55 0.55
7 85 11 0.55 0.55
12 84 11 0.55 0.55
26 94 11 0.55 0.55
89 74 11 0.55 0.55
89 73 11 0.55 0.55
71 22 11 0.55 0.55
78 22 11 0.55 0.55
33 59 11 0.55 0.55
84 87 12 0.55 0.55
90 87 12 0.55 0.55
17 12 12 0.55 0.55
15 13 12 0.55 0.55
27 88 12 0.55 0.55
12 17 12 0.55 0.55
91 24 12 0.55 0.55
93 22 12 0.55 0.55
25 10 12 0.55 0.55
57 1 12 0.55 0.55